1073741824S
895874 81
-11224 -1
-8839 -1
-12006 -1
-9620 -1
-12006 -1
-9620 -1
-12008 -1
-9622 -1
-9646 -1
-9615 -1
-9651 -1
-8924 -1
-11231 -1
-8852 -1
-12006 -1
-9622 -1
-11231 -1
-8844 -1
-11233 -1
-8844 -1
-11277 -1
-8855 -1
-12037 -1
-9627 -1
-12053 -1
-9636 -1
-10335 -1
-12693 -1
-10297 -1
-12315 -1
-10240 -1
-87902 -1
-12011 -1
-9620 -1
-12008 -1
-9620 -1
-12010 -1
-9625 -1
-12011 -1
-9620 -1
-12003 -1
-9620 -1
-11995 -1
-9620 -1
-12010 -1
-9605 -1
-11985 -1
-9615 -1
-11995 -1
-9620 -1
-12007 -1
-9615 -1
-12002 -1
-9620 -1
-9615 -1
-12004 -1
-9610 -1
-12000 -1
-9620 -1
-12010 -1
-9615 -1
-11995 -1
-9615 -1
-11989 -1
-9620 -1
-12010 -1
369 1
357 1
